0,0,9.4631
0,1,-0.4737
1,0,8.0199
1,1,-2.0248
2,0,7.7435
2,1,-2.0742
3,0,6.7822
3,1,-1.7355
4,0,7.2842
4,1,-1.8957
5,0,6.8937
5,1,-2.3218
6,0,6.9849
6,1,-2.0907
7,0,7.0696
7,1,-2.1229
8,0,3.9503
8,1,-1.0305
9,0,3.6231
9,1,-0.5855
10,0,4.8325
10,1,-0.591
11,0,4.8795
11,1,-0.6563
12,0,5.0273
12,1,-0.7017
13,0,4.9184
13,1,-0.8424
14,0,4.5985
14,1,-0.6183
15,0,4.7418
15,1,-0.7744
16,0,4.6232
16,1,-0.857
17,0,5.0999
17,1,-1.0907
18,0,4.6911
18,1,-1.3854
19,0,4.7963
19,1,-1.2912
20,0,4.8827
20,1,-1.3167
21,0,4.8687
21,1,-1.2286
22,0,5.6594
22,1,-0.8631
23,0,5.5985
23,1,-0.9886
24,0,5.9852
24,1,-0.5214
25,0,5.9951
25,1,-0.6034
26,0,5.6231
26,1,-0.4424
27,0,5.6159
27,1,-0.5579
28,0,5.5308
28,1,-0.5175
29,0,5.5704
29,1,0.0588
30,0,5.5572
30,1,-0.1748
31,0,5.1725
31,1,-0.1194
32,0,5.0626
32,1,-0.3414
33,0,5.356
33,1,-1.8733
34,0,5.0862
34,1,-1.8859
35,0,5.1906
35,1,-1.7408
36,0,6.1718
36,1,-1.1729
37,0,5.8985
37,1,-1.1917
38,0,5.8704
38,1,-1.6902
39,0,6.2436
39,1,-1.8643
40,0,6.2483
40,1,-1.6291
41,0,8.028
41,1,0.8898
42,0,8.0352
42,1,0.3375
43,0,7.8098
43,1,0.4433
44,0,7.5899
44,1,-1.1744
45,0,7.1151
45,1,-1.2053
46,0,7.3325
46,1,-0.7437
47,0,7.2781
47,1,-0.8937
48,0,7.8507
48,1,-0.159
49,0,8.0045
49,1,-0.495
50,0,7.6472
50,1,-0.5282
51,0,7.8176
51,1,-0.7625
52,0,6.6887
52,1,-0.2891
53,0,6.6922
53,1,-0.6525
54,0,6.771
54,1,-0.5389
55,0,6.7435
55,1,-0.5346
56,0,6.5054
56,1,-0.7517
57,0,6.4416
57,1,-0.5591
58,0,6.2803
58,1,0.7034
59,0,5.9626
59,1,0.1982
60,0,6.1056
60,1,0.0791
61,0,6.1131
61,1,-0.0045
62,0,6.6209
62,1,0.437
63,0,6.4354
63,1,0.366
64,0,6.5356
64,1,0.3211
65,0,6.5852
65,1,0.0841
66,0,6.432
66,1,-0.076
67,0,7.0762
67,1,0.879
68,0,6.6463
68,1,0.7623
69,0,6.8356
69,1,0.8482
70,0,6.8602
70,1,0.6794
71,0,6.8665
71,1,0.3455
72,0,6.974
72,1,0.1451
73,0,7.2493
73,1,0.3128
74,0,7.2853
74,1,0.0774
75,0,7.0288
75,1,1.6519
76,0,6.2041
76,1,1.3356
77,0,6.5936
77,1,1.4892
78,0,5.4203
78,1,1.6078
79,0,4.9607
79,1,1.4748
80,0,5.2023
80,1,1.3259
81,0,5.189
81,1,1.4411
82,0,5.5248
82,1,0.336
83,0,5.6448
83,1,0.4609
84,0,5.869
84,1,0.443
85,0,5.8924
85,1,0.4202
86,0,5.9013
86,1,0.645
87,0,5.8644
87,1,0.7793
88,0,5.8989
88,1,1.0924
89,0,5.439
89,1,0.7811
90,0,5.6969
90,1,0.9274
91,0,5.642
91,1,0.9064
92,0,5.2329
92,1,0.2736
93,0,5.2357
93,1,0.4169
94,0,5.0317
94,1,0.5764
95,0,5.0459
95,1,0.8449
96,0,4.8533
96,1,0.85
97,0,4.4091
97,1,0.9228
98,0,4.4469
98,1,-0.0149
99,0,4.7349
99,1,0.1184
