0,0,-0.3738
0,1,0.6324
1,0,-1.8768
1,1,0.0577
2,0,0.0421
2,1,0.6066
3,0,-1.0233
3,1,1.1835
4,0,-0.2467
4,1,0.5649
5,0,0.4071
5,1,0.9611
6,0,-0.0884
6,1,1.0407
7,0,-1.8155
7,1,0.1346
8,0,-0.3609
8,1,1.4298
9,0,1.1076
9,1,-0.5765
10,0,0.5979
10,1,-1.1115
11,0,0.0569
11,1,2.5093
12,0,-0.0786
12,1,-0.9978
13,0,1.3691
13,1,-0.2191
14,0,-0.401
14,1,0.3283
15,0,0.2192
15,1,-1.1187
16,0,-0.0629
16,1,-1.2916
17,0,0.4264
17,1,0.5198
18,0,0.072
18,1,-0.2662
19,0,-0.6994
19,1,2.7251
20,0,0.2565
20,1,-0.5924
21,0,-0.2003
21,1,0.893
22,0,0.0647
22,1,-0.1146
23,0,-0.0223
23,1,-0.4837
24,0,-0.1531
24,1,0.4835
25,0,-0.9067
25,1,-0.0004
26,0,1.2296
26,1,1.9007
27,0,-0.0048
27,1,-1.0818
28,0,0.7151
28,1,-2.704
29,0,0.1149
29,1,-0.6565
30,0,-0.158
30,1,-0.6912
31,0,0.637
31,1,1.0503
32,0,-0.0272
32,1,-1.9548
33,0,0.0454
33,1,0.4252
34,0,2.4739
34,1,-0.8838
35,0,2.1598
35,1,0.8523
36,0,1.41
36,1,0.4901
37,0,0.2287
37,1,1.3438
38,0,0.9025
38,1,-0.6627
39,0,0.3811
39,1,-1.9099
40,0,0.9791
40,1,-1.3109
41,0,0.9839
41,1,-0.1557
42,0,0.525
42,1,0.9529
43,0,-0.3977
43,1,-1.0307
44,0,1.5341
44,1,0.6588
45,0,-0.9229
45,1,-0.0127
46,0,-0.7739
46,1,-2.1008
47,0,0.6217
47,1,0.0224
48,0,-1.6447
48,1,2.7235
49,0,1.2361
49,1,-1.1428
50,0,-0.882
50,1,0.437
51,0,0.8631
51,1,-0.3834
52,0,-0.4206
52,1,0.4791
53,0,-0.8273
53,1,0.498
54,0,-0.9548
54,1,0.4449
55,0,-0.5573
55,1,-0.2258
56,0,-0.5096
56,1,0.0308
57,0,1.18
57,1,0.0175
58,0,-1.296
58,1,-0.596
59,0,0.0677
59,1,-0.4749
60,0,-0.3591
60,1,0.3063
61,0,-0.4624
61,1,-0.2463
62,0,-1.033
62,1,-0.4747
63,0,0.492
63,1,1.7325
64,0,-0.5421
64,1,-0.3773
65,0,1.1089
65,1,1.0916
66,0,0.4865
66,1,-0.1497
67,0,-0.2825
67,1,-0.3354
68,0,0.3449
68,1,-0.0509
69,0,0.5974
69,1,-0.7712
70,0,-1.0477
70,1,-0.0274
71,0,1.0692
71,1,0.2074
72,0,-0.236
72,1,-1.1962
73,0,0.2836
73,1,0.1192
74,0,-0.5867
74,1,-1.0455
75,0,1.6633
75,1,2.2457
76,0,0.8456
76,1,1.3742
77,0,-1.7224
77,1,-0.8443
78,0,-1.1775
78,1,1.0132
79,0,0.288
79,1,0.9128
80,0,-2.2925
80,1,-1.7694
81,0,-0.8972
81,1,0.2755
82,0,-0.5073
82,1,-0.9015
83,0,-0.9458
83,1,-0.3116
84,0,-0.9584
84,1,-0.6174
85,0,0.214
85,1,-0.0613
86,0,1.3137
86,1,-0.7564
87,0,-1.0367
87,1,0.6761
88,0,1.5436
88,1,0.532
89,0,0.5845
89,1,-0.9128
90,0,0.689
90,1,-0.5763
91,0,0.1829
91,1,-1.3615
92,0,0.4043
92,1,1.0779
93,0,0.4983
93,1,0.1849
94,0,-2.5264
94,1,-0.7133
95,0,0.436
95,1,-0.6564
96,0,-1.4973
96,1,1.0865
97,0,1.6787
97,1,1.6266
98,0,0.6733
98,1,1.0499
99,0,0.3832
99,1,0.5252
