28
0,0,0.515144189983
0,1,0.664428579429
1,0,0.427414091332
1,1,0.270710949634
2,0,-18.9084908827
2,1,-4.19068609815
3,0,2.29730551079
3,1,1.29264718749
4,0,0.439968168464
4,1,0.247561093775
5,0,0.666400908393
5,1,0.0954202530278
6,0,3.14814560575
6,1,0.458482545993
7,0,0.396557092442
7,1,0.406704973408
8,0,-1.34816465111
8,1,4.66608867679
9,0,0.552214952997
9,1,0.310720072608
10,0,1.75217346171
10,1,0.459762507267
11,0,0.525975853934
11,1,0.34824323415
12,0,2.26928802981
12,1,0.595451065207
13,0,4.91546874886
13,1,1.28979709232
14,0,0.935514688042
14,1,0.245474884708
15,0,1.4235781272
15,1,0.373540555927
16,0,0.87979237346
16,1,0.495041194817
17,0,1.38543745838
17,1,0.423922889214
18,0,0.684297817122
18,1,0.38504040204
19,0,0.715945843901
19,1,0.187860998587
20,0,4.0486279949
20,1,1.06234194184
21,0,1.33865039833
21,1,1.05233520071
22,0,1.43689879465
22,1,0.377035839781
23,0,0.958333151436
23,1,0.612500179015
24,0,0.629665085061
24,1,0.240674108663
25,0,0.910891983689
25,1,0.371797544939
26,0,603.678823255
26,1,339.677741015
27,0,0.853457981442
27,1,0.223943570632
28,0,1.40645021737
28,1,0.791380804349
0,1.51986463589
1,1.44269347312
2,-18.899749486
3,3.38600780806
4,1.45695594388
5,2.0309151923
6,5.85090403531
7,1.40443409652
8,-0.619918602023
9,1.57353673822
10,3.18907927977
11,1.54416687039
12,3.83513678318
13,7.14114480211
14,2.16878598125
15,2.77854843329
16,1.91376240684
17,2.68851546294
18,1.71071951683
19,1.89446746847
20,6.05815660591
21,2.37822390716
22,2.79519061979
23,1.99236849969
24,1.73371976
25,2.0448360916
26,627.987754442
27,2.06626836854
28,2.46075528814
