2.11417319361,-0.587877818249,2.38109796525
0.75784854802,0.0344738227767,1.7526810999
7.53851277367,-0.766835735216,5.86742212837
-28.401614244,-34.5593663293,-61.3291111667
1.97191704664,-3.59278582857,5.7900951772
4.25366752968,-0.631582119308,10.7832762313
3.20389960092,3.89853685919,8.03115714119
4.27979773708,4.44406514361,10.4512352422
8.77521306585,0.615193508862,19.4451704848
3.06842757687,-2.73905798714,10.5569190199
-24.2250628402,21.6247084871,-74.451337658
-6.57074706442,-13.1602623295,8.06520220605
-2459.85465149,461.962863714,-2166.68532747
73.0449439798,3.34011302093,100.184253691
-18.9084908827,-4.19068609815,-18.899749486
3.14814560575,0.458482545993,5.85090403531
4.91546874886,1.28979709232,7.14114480211
603.678823255,339.677741015,627.987754442
